Days,Time_On_Site,Pages_Viewed,Website_Visits,Media_clicks,Pages_Per_Visit,Repeat_Visits,Rx_Volume
01-06-2021,12,3,3,81,1,2,4165
02-06-2021,12,4,3,46,1,2,3561
03-06-2021,14,3,4,73,1,3,4284
04-06-2021,18,7,3,40,1,2,5099
05-06-2021,18,5,3,11,2,2,3406
06-06-2021,15,5,3,54,1,2,4396
07-06-2021,13,4,3,64,1,2,4104
08-06-2021,12,3,3,53,1,2,3497
09-06-2021,13,3,2,66,1,2,4026
10-06-2021,13,4,4,66,1,3,4285
11-06-2021,15,4,2,61,1,2,4692
12-06-2021,16,6,2,49,2,2,5128
13-06-2021,17,5,3,67,1,2,5114
14-06-2021,17,5,3,56,2,2,5546
15-06-2021,14,5,3,66,0,2,4324
16-06-2021,11,3,3,58,1,2,3540
17-06-2021,20,8,3,35,1,2,5426
18-06-2021,16,4,3,29,1,2,3796
19-06-2021,15,5,3,67,1,2,4535
20-06-2021,12,3,4,49,1,3,3803
21-06-2021,18,6,2,54,1,2,5779
22-06-2021,16,4,2,47,1,2,4771
23-06-2021,13,2,2,16,1,1,2486
24-06-2021,10,2,3,38,0,2,2515
25-06-2021,19,5,1,53,2,2,6046
26-06-2021,7,2,3,55,0,2,2351
27-06-2021,16,5,3,53,1,2,4972
28-06-2021,16,6,4,32,1,2,4000
29-06-2021,12,2,4,31,1,2,2760
30-06-2021,13,2,3,51,1,2,3826
01-07-2021,18,6,3,47,1,2,5860
02-07-2021,15,3,2,37,1,2,3776
03-07-2021,13,3,3,57,1,2,3907
04-07-2021,14,2,3,52,1,2,4118
05-07-2021,12,3,4,61,0,2,3621
06-07-2021,12,4,3,27,1,2,2719
07-07-2021,14,3,4,43,0,2,3608
08-07-2021,17,6,2,63,1,2,5250
09-07-2021,15,4,4,42,1,2,4240
10-07-2021,15,4,2,66,1,2,4471
11-07-2021,14,6,3,48,1,2,4363
12-07-2021,15,4,3,46,1,2,4495
13-07-2021,10,4,4,62,0,2,3098
14-07-2021,11,3,3,30,1,2,2677
15-07-2021,18,6,3,44,2,2,5780
16-07-2021,15,4,2,26,1,1,3211
17-07-2021,9,2,3,64,0,2,2967
18-07-2021,12,3,3,25,0,1,2416
19-07-2021,19,5,3,49,1,2,5563
20-07-2021,18,4,3,45,1,2,5337
21-07-2021,19,6,3,45,2,2,5671
22-07-2021,21,9,2,34,2,2,5899
23-07-2021,15,3,3,55,1,2,4601
24-07-2021,12,3,5,60,1,3,3741
25-07-2021,18,7,2,42,2,2,5606
26-07-2021,14,4,3,55,1,2,4080
27-07-2021,14,3,3,29,1,2,3147
28-07-2021,15,4,3,32,1,2,3692
29-07-2021,16,3,2,27,1,1,3543
30-07-2021,13,5,3,65,0,2,3970
31-07-2021,18,6,3,57,1,2,5851
01-08-2021,15,2,2,35,1,2,3734
02-08-2021,18,6,3,51,1,2,5621
03-08-2021,15,5,3,39,1,2,4320
04-08-2021,18,5,3,59,2,2,5620
05-08-2021,16,7,4,45,0,2,4432
06-08-2021,14,3,3,29,1,2,3376
07-08-2021,14,3,3,46,1,2,4000
08-08-2021,15,4,3,49,1,2,4336
09-08-2021,13,3,4,58,0,2,3767
10-08-2021,10,2,3,64,0,2,3181
11-08-2021,14,4,3,59,1,2,4321
12-08-2021,15,5,4,45,1,2,4221
13-08-2021,17,5,2,31,1,2,4088
14-08-2021,18,6,3,59,0,2,5321
15-08-2021,19,7,3,53,1,2,6053
16-08-2021,17,6,2,49,1,2,5447
17-08-2021,10,2,4,52,0,2,3191
18-08-2021,14,5,2,68,1,2,4276
19-08-2021,18,4,2,58,1,2,5518
20-08-2021,15,3,3,55,1,2,4555
21-08-2021,16,4,3,41,1,2,4489
22-08-2021,15,3,3,57,0,2,4320
23-08-2021,14,4,4,70,1,2,4113
24-08-2021,10,2,3,41,1,2,2735
25-08-2021,13,3,3,58,1,2,4142
26-08-2021,16,4,4,37,1,2,4208
27-08-2021,15,5,3,63,1,2,4520
28-08-2021,11,2,3,59,1,2,3364
29-08-2021,14,3,4,37,1,3,3563
30-08-2021,14,4,3,40,1,2,3806
31-08-2021,7,2,3,42,0,1,2119
01-09-2021,20,8,3,24,1,2,4878
02-09-2021,11,3,3,84,0,2,3592
03-09-2021,16,4,3,71,1,2,4700
04-09-2021,18,4,3,49,1,2,5351
05-09-2021,17,4,2,61,1,2,5279
06-09-2021,20,8,3,50,2,2,6455
07-09-2021,12,4,2,47,1,2,3672
08-09-2021,16,5,3,64,2,2,4949
09-09-2021,14,3,2,69,1,2,4465
10-09-2021,13,5,3,52,1,2,4004
11-09-2021,11,3,4,61,0,2,3376
12-09-2021,19,5,3,19,1,2,3857
13-09-2021,18,4,2,34,2,2,4689
14-09-2021,15,4,3,56,1,2,4748
15-09-2021,13,3,3,55,1,2,3890
16-09-2021,17,4,2,38,1,2,4734
17-09-2021,21,6,3,41,2,2,6480
18-09-2021,15,5,3,58,1,2,4752
19-09-2021,15,3,3,76,1,2,4430
20-09-2021,12,5,4,63,0,2,3696
21-09-2021,18,4,3,45,1,2,5334
22-09-2021,20,7,3,45,1,2,6172
23-09-2021,20,6,3,37,1,2,5188
24-09-2021,18,5,2,42,1,2,5430
25-09-2021,13,4,4,66,1,3,4191
26-09-2021,15,3,3,43,2,2,4321
27-09-2021,12,2,3,41,1,2,3279
28-09-2021,18,6,3,50,1,2,5568
29-09-2021,16,4,3,63,0,2,4762
30-09-2021,12,2,3,33,1,2,3096
01-10-2021,19,10,3,46,1,2,5985
02-10-2021,14,4,3,52,1,2,3987
03-10-2021,24,8,1,14,2,1,5108
04-10-2021,15,4,3,61,1,2,4591
05-10-2021,16,6,3,36,1,2,4395
06-10-2021,16,3,3,51,2,2,4801
07-10-2021,13,5,3,61,1,2,4119
08-10-2021,17,5,3,20,2,2,3763
09-10-2021,15,3,2,51,1,2,4583
10-10-2021,18,4,2,45,1,2,5257
11-10-2021,11,2,3,63,0,2,3258
12-10-2021,19,4,4,36,1,2,4896
13-10-2021,13,3,4,17,1,2,2509
14-10-2021,15,5,3,27,2,2,3655
15-10-2021,15,5,3,51,0,2,4300
16-10-2021,15,4,2,63,1,2,4566
17-10-2021,8,1,3,40,0,1,2107
18-10-2021,16,7,3,33,1,2,3989
19-10-2021,19,5,1,58,1,2,5903
20-10-2021,16,5,3,41,1,2,4260
21-10-2021,18,8,3,56,2,2,5997
22-10-2021,12,2,3,42,1,2,3197
23-10-2021,14,5,3,65,1,2,4476
24-10-2021,17,5,3,36,1,3,4606
25-10-2021,16,3,3,42,0,2,4181
26-10-2021,17,5,3,60,2,3,5400
27-10-2021,13,5,3,57,0,2,3950
28-10-2021,15,7,3,21,1,2,3418
29-10-2021,12,3,3,29,1,2,2706
30-10-2021,11,3,3,55,0,2,3219
31-10-2021,19,6,3,43,2,2,5608
01-11-2021,17,7,2,66,1,2,5083
02-11-2021,15,4,3,19,2,2,3341
03-11-2021,13,4,2,50,0,2,3867
04-11-2021,18,5,2,58,1,2,5630
05-11-2021,16,3,3,53,1,2,4859
06-11-2021,13,3,2,58,1,2,4093
07-11-2021,18,10,3,56,1,2,5898
08-11-2021,16,4,3,60,1,2,5086
09-11-2021,18,6,2,28,2,1,4471
10-11-2021,18,7,3,26,0,1,3924
11-11-2021,12,2,2,54,1,2,3459
12-11-2021,18,4,3,25,1,2,4014
13-11-2021,17,3,2,60,2,2,5176
14-11-2021,19,9,3,56,2,2,6396
15-11-2021,13,4,3,30,1,2,3183
16-11-2021,19,6,2,29,2,2,4862
17-11-2021,12,2,4,44,0,2,2941
18-11-2021,12,5,4,29,0,2,2791
19-11-2021,17,6,3,57,1,2,5449
20-11-2021,11,2,4,47,0,2,3031
21-11-2021,13,3,3,38,1,2,3460
22-11-2021,16,4,3,35,1,2,4158
23-11-2021,14,4,3,63,1,2,4441
24-11-2021,14,5,3,23,1,2,3334
25-11-2021,12,3,4,35,0,2,2820
26-11-2021,19,5,3,59,1,2,5881
27-11-2021,7,1,4,63,0,2,2362
28-11-2021,16,3,3,47,0,2,4290
29-11-2021,14,4,4,47,1,2,4144
30-11-2021,10,3,4,55,1,2,3142
01-12-2021,19,6,3,74,2,3,5693
02-12-2021,18,4,3,29,2,2,4319
03-12-2021,16,5,4,58,1,2,4807
04-12-2021,15,3,2,35,1,2,3900
05-12-2021,11,3,4,55,1,2,3414
06-12-2021,16,5,3,38,1,2,4386
07-12-2021,16,4,2,36,1,2,4292
08-12-2021,14,4,3,32,2,2,3407
09-12-2021,7,1,4,57,0,2,2188
10-12-2021,20,7,2,38,1,2,5899
11-12-2021,13,4,4,71,0,2,3856
12-12-2021,17,6,3,51,2,2,5489
13-12-2021,12,3,3,67,1,2,3848
14-12-2021,18,10,3,44,1,2,5601
15-12-2021,12,2,4,57,0,2,3410
16-12-2021,16,4,2,58,2,2,5088
17-12-2021,21,8,3,46,2,2,6663
